1 5
1 7
1 16
1 17
1 26
1 30
1 32
1 38
1 40
1 41
1 42
5 1
5 6
5 7
5 16
5 17
5 25
5 26
5 28
5 30
5 33
5 38
5 40
5 41
25 4
25 5
25 7
25 8
25 16
25 24
25 25
25 27
25 33
25 34
11 3
11 15
11 20
11 21
11 29
11 32
11 37
11 38
11 42
19 2
19 13
19 19
36 14
36 16
36 18
36 22
36 25
36 29
29 2
29 3
29 6 
29 14
29 18
29 20
29 21
29 31
29 36
29 39
29 40
29 41
33 4
33 5
33 7
33 8
33 16
33 17
33 22
33 24
33 25
33 27
33 28
33 31
33 34
33 42
8 16
8 17
8 24
8 25
8 4
8 6
8 7
8 27
8 33
8 34
17 1
17 5
17 7
17 16
17 25
17 26
17 28
17 30
17 38
17 40
17 41
26 1
26 5
26 7
26 16
26 17
26 25
26 28
26 30
26 38
26 40
26 42
23 12
23 13
23 21
23 22
23 30
23 35
34 4
34 6
34 8
34 10
34 14
34 24
34 25
34 27
34 31
34 33 
34 36
34 42
40 1
40 5
40 6
40 7
40 9
40 16
40 17
40 24
40 25
40 26
40 31
40 32
40 38
40 41
40 42
35 10
35 12
35 21
35 22
35 23
18 14
18 29
18 36
14 10
14 12
14 27
14 29
14 34
14 36
27 4
27 8
27 10
27 14
27 24
27 25
27 33
27 35
27 46
27 42
10 2
10 8
10 22
10 27
10 31
10 32
10 33
10 34
10 41
10 42
39 3
39 20
39 21
39 36
24 4
24 8
24 16
24 17
24 25
24 27
24 31
24 34
24 40
20 3
20 11
20 13
20 20
20 21
20 29
20 32
20 39
2 6
2 7
2 9
2 10
2 19
2 24
2 27
2 31
2 41
13 19
38 1
38 5
38 7
38 16
38 17
38 25
38 26
38 28
38 30
38 40
38 42
28 1
28 5
28 7
28 10
28 16
28 25
28 26
28 30
28 38
28 40
32 1
32 6
32 7
32 10
32 11
32 15
32 16
32 20
32 22
32 31
32 37
32 40
37 4
37 10
37 11
37 15
37 22
37 23
37 29
37 31
37 32
6 2
6 31
6 32
3 11
3 13
3 20
3 21
3 29
3 32
3 39
22 10
22 12
22 20
22 21
22 23
22 30
22 31
22 35
22 37
30 1
30 3
30 5
30 7
30 13
30 17
30 19
30 22
30 23
30 26
30 28
30 29
30 32
30 38
30 42
42 4
42 7
42 9
42 31
42 34
21 11
21 12
21 20
21 39
15 11
15 32
15 37
12 10
12 21
12 22
12 23
12 31
12 32
12 35
16 1
16 4
16 5
16 7
16 9
16 17
16 24
16 25
16 31
16 32
16 40
16 41
41 2
41 6
41 7
41 15
41 16
41 31
9 4
9 7
9 42
31 4
31 6
31 7
31 12
31 16
31 24
31 29
31 32
31 40
31 41
31 42
7 4
7 5
7 9
7 16
7 17
7 25
7 31
7 40
7 42
4 7
4 8
4 16
4 27
4 28
4 29
4 30
4 31
4 33
4 34
4 42