1 5
1 16
1 17
1 26
1 30
1 32
1 38
1 40
5 7
5 16
5 17
5 25
5 26
5 28
5 30
5 33
5 38
5 40
25 7
25 8
25 16
25 24
25 27
25 33
25 34
11 3
11 15
11 20
11 21
11 32
11 37
19 2
19 13
36 14
36 18
36 29
29 3
29 14
29 18
29 20
29 31
33 4
33 8
33 27
33 34
8 24
8 4
8 27
8 34
17 7
17 16
17 26
17 30
17 38
17 40
26 28
26 30
26 38
26 40
23 12
23 22
23 30
23 35
34 4
34 10
34 14
34 24
34 42
40 7
40 16
40 24
40 31
40 32
40 38
35 12
35 22
14 27
27 4
27 10
27 24
10 2
10 22
10 32
39 3
39 20
39 21
24 16
24 31
20 3
20 21
20 32
2 6
2 41
38 28
38 30
28 30
32 6
32 15
32 16
32 31
32 37
37 15
37 22
6 31
22 12
22 30
42 4
42 7
42 9
42 31
21 12
12 31
16 4
16 7
16 31
16 41
41 31
9 7
31 4
31 7
7 4
